 r =    1.41421354    
 theta =    1.57079637    
 phi =   0.785398185    
